0.000	1.800
0.100	1.798
0.200	1.796
0.300	1.795
0.400	1.793
0.500	1.791
0.600	1.789
0.700	1.787
0.800	1.786
0.900	1.784
1.000	1.782
1.100	1.780
1.200	1.778
1.300	1.777
1.400	1.775
1.500	1.773
1.600	1.771
1.700	1.769
1.800	1.768
1.900	1.766
2.000	1.764
2.100	1.762
2.200	1.760
2.300	1.759
2.400	1.757
2.500	1.755
2.600	1.753
2.700	1.751
2.800	1.750
2.900	1.748
3.000	1.746
3.100	1.744
3.200	1.742
3.300	1.741
3.400	1.739
3.500	1.737
3.600	1.735
3.700	1.733
3.800	1.732
3.900	1.730
4.000	1.728
4.100	1.726
4.200	1.724
4.300	1.723
4.400	1.721
4.500	1.719
4.600	1.717
4.700	1.715
4.800	1.714
4.900	1.712
5.000	1.710
5.100	1.708
5.200	1.706
5.300	1.705
5.400	1.703
5.500	1.701
5.600	1.699
5.700	1.697
5.800	1.696
5.900	1.694
6.000	1.692
6.100	1.690
6.200	1.688
6.300	1.687
6.400	1.685
6.500	1.683
6.600	1.681
6.700	1.679
6.800	1.678
6.900	1.676
7.000	1.674
7.100	1.672
7.200	1.670
7.300	1.669
7.400	1.667
7.500	1.665
7.600	1.663
7.700	1.661
7.800	1.660
7.900	1.658
8.000	1.656
8.100	1.654
8.200	1.652
8.300	1.651
8.400	1.649
8.500	1.647
8.600	1.645
8.700	1.643
8.800	1.642
8.900	1.640
9.000	1.638
9.100	1.636
9.200	1.634
9.300	1.633
9.400	1.631
9.500	1.629
9.600	1.627
9.700	1.625
9.800	1.624
9.900	1.622
10.000	1.620
10.100	1.618
10.200	1.616
10.300	1.615
10.400	1.613
10.500	1.611
10.600	1.609
10.700	1.607
10.800	1.606
10.900	1.604
11.000	1.602
11.100	1.600
11.200	1.598
11.300	1.597
11.400	1.595
11.500	1.593
11.600	1.591
11.700	1.589
11.800	1.588
11.900	1.586
12.000	1.584
12.100	1.582
12.200	1.580
12.300	1.579
12.400	1.577
12.500	1.575
12.600	1.573
12.700	1.571
12.800	1.570
12.900	1.568
13.000	1.566
13.100	1.564
13.200	1.562
13.300	1.561
13.400	1.559
13.500	1.557
13.600	1.555
13.700	1.553
13.800	1.552
13.900	1.550
14.000	1.548
14.100	1.546
14.200	1.544
14.300	1.543
14.400	1.541
14.500	1.539
14.600	1.537
14.700	1.535
14.800	1.534
14.900	1.532
15.000	1.530
15.100	1.528
15.200	1.526
15.300	1.525
15.400	1.523
15.500	1.521
15.600	1.519
15.700	1.517
15.800	1.516
15.900	1.514
16.000	1.512
16.100	1.510
16.200	1.508
16.300	1.507
16.400	1.505
16.500	1.503
16.600	1.501
16.700	1.499
16.800	1.498
16.900	1.496
17.000	1.494
17.100	1.492
17.200	1.490
17.300	1.489
17.400	1.487
17.500	1.485
17.600	1.483
17.700	1.481
17.800	1.480
17.900	1.478
18.000	1.476
18.100	1.474
18.200	1.472
18.300	1.471
18.400	1.469
18.500	1.467
18.600	1.465
18.700	1.463
18.800	1.462
18.900	1.460
19.000	1.458
19.100	1.456
19.200	1.454
19.300	1.453
19.400	1.451
19.500	1.449
19.600	1.447
19.700	1.445
19.800	1.444
19.900	1.442
20.000	1.440
20.100	1.438
20.200	1.436
20.300	1.435
20.400	1.433
20.500	1.431
20.600	1.429
20.700	1.427
20.800	1.426
20.900	1.424
21.000	1.422
21.100	1.420
21.200	1.418
21.300	1.417
21.400	1.415
21.500	1.413
21.600	1.411
21.700	1.409
21.800	1.408
21.900	1.406
22.000	1.404
22.100	1.402
22.200	1.400
22.300	1.399
22.400	1.397
22.500	1.395
22.600	1.393
22.700	1.391
22.800	1.390
22.900	1.388
23.000	1.386
23.100	1.384
23.200	1.382
23.300	1.381
23.400	1.379
23.500	1.377
23.600	1.375
23.700	1.373
23.800	1.372
23.900	1.370
24.000	1.368
24.100	1.366
24.200	1.364
24.300	1.363
24.400	1.361
24.500	1.359
24.600	1.357
24.700	1.355
24.800	1.354
24.900	1.352
25.000	1.350
25.100	1.348
25.200	1.346
25.300	1.345
25.400	1.343
25.500	1.341
25.600	1.339
25.700	1.337
25.800	1.336
25.900	1.334
26.000	1.332
26.100	1.330
26.200	1.328
26.300	1.327
26.400	1.325
26.500	1.323
26.600	1.321
26.700	1.319
26.800	1.318
26.900	1.316
27.000	1.314
27.100	1.312
27.200	1.310
27.300	1.309
27.400	1.307
27.500	1.305
27.600	1.303
27.700	1.301
27.800	1.300
27.900	1.298
28.000	1.296
28.100	1.294
28.200	1.292
28.300	1.291
28.400	1.289
28.500	1.287
28.600	1.285
28.700	1.283
28.800	1.282
28.900	1.280
29.000	1.278
29.100	1.276
29.200	1.274
29.300	1.273
29.400	1.271
29.500	1.269
29.600	1.267
29.700	1.265
29.800	1.264
29.900	1.262
30.000	1.260
30.100	1.258
30.200	1.256
30.300	1.255
30.400	1.253
30.500	1.251
30.600	1.249
30.700	1.247
30.800	1.246
30.900	1.244
31.000	1.242
31.100	1.240
31.200	1.238
31.300	1.237
31.400	1.235
31.500	1.233
31.600	1.231
31.700	1.229
31.800	1.228
31.900	1.226
32.000	1.224
32.100	1.222
32.200	1.220
32.300	1.219
32.400	1.217
32.500	1.215
32.600	1.213
32.700	1.211
32.800	1.210
32.900	1.208
33.000	1.206
33.100	1.204
33.200	1.202
33.300	1.201
33.400	1.199
33.500	1.197
33.600	1.195
33.700	1.193
33.800	1.192
33.900	1.190
34.000	1.188
34.100	1.186
34.200	1.184
34.300	1.183
34.400	1.181
34.500	1.179
34.600	1.177
34.700	1.175
34.800	1.174
34.900	1.172
35.000	1.170
35.100	1.168
35.200	1.166
35.300	1.165
35.400	1.163
35.500	1.161
35.600	1.159
35.700	1.157
35.800	1.156
35.900	1.154
36.000	1.152
36.100	1.150
36.200	1.148
36.300	1.147
36.400	1.145
36.500	1.143
36.600	1.141
36.700	1.139
36.800	1.138
36.900	1.136
37.000	1.134
37.100	1.132
37.200	1.130
37.300	1.129
37.400	1.127
37.500	1.125
37.600	1.123
37.700	1.121
37.800	1.120
37.900	1.118
38.000	1.116
38.100	1.114
38.200	1.112
38.300	1.111
38.400	1.109
38.500	1.107
38.600	1.105
38.700	1.103
38.800	1.102
38.900	1.100
39.000	1.098
39.100	1.096
39.200	1.094
39.300	1.093
39.400	1.091
39.500	1.089
39.600	1.087
39.700	1.085
39.800	1.084
39.900	1.082
40.000	1.080
40.100	1.078
40.200	1.076
40.300	1.075
40.400	1.073
40.500	1.071
40.600	1.069
40.700	1.067
40.800	1.066
40.900	1.064
41.000	1.062
41.100	1.060
41.200	1.058
41.300	1.057
41.400	1.055
41.500	1.053
41.600	1.051
41.700	1.049
41.800	1.048
41.900	1.046
42.000	1.044
42.100	1.042
42.200	1.040
42.300	1.039
42.400	1.037
42.500	1.035
42.600	1.033
42.700	1.031
42.800	1.030
42.900	1.028
43.000	1.026
43.100	1.024
43.200	1.022
43.300	1.021
43.400	1.019
43.500	1.017
43.600	1.015
43.700	1.013
43.800	1.012
43.900	1.010
44.000	1.008
44.100	1.006
44.200	1.004
44.300	1.003
44.400	1.001
44.500	0.999
44.600	0.997
44.700	0.995
44.800	0.994
44.900	0.992
45.000	0.990
45.100	0.988
45.200	0.986
45.300	0.985
45.400	0.983
45.500	0.981
45.600	0.979
45.700	0.977
45.800	0.976
45.900	0.974
46.000	0.972
46.100	0.970
46.200	0.968
46.300	0.967
46.400	0.965
46.500	0.963
46.600	0.961
46.700	0.959
46.800	0.958
46.900	0.956
47.000	0.954
47.100	0.952
47.200	0.950
47.300	0.949
47.400	0.947
47.500	0.945
47.600	0.943
47.700	0.941
47.800	0.940
47.900	0.938
48.000	0.936
48.100	0.934
48.200	0.932
48.300	0.931
48.400	0.929
48.500	0.927
48.600	0.925
48.700	0.923
48.800	0.922
48.900	0.920
49.000	0.918
49.100	0.916
49.200	0.914
49.300	0.913
49.400	0.911
49.500	0.909
49.600	0.907
49.700	0.905
49.800	0.904
49.900	0.902
50.000	0.900
50.100	0.898
50.200	0.896
50.300	0.895
50.400	0.893
50.500	0.891
50.600	0.889
50.700	0.887
50.800	0.886
50.900	0.884
51.000	0.882
51.100	0.880
51.200	0.878
51.300	0.877
51.400	0.875
51.500	0.873
51.600	0.871
51.700	0.869
51.800	0.868
51.900	0.866
52.000	0.864
52.100	0.862
52.200	0.860
52.300	0.859
52.400	0.857
52.500	0.855
52.600	0.853
52.700	0.851
52.800	0.850
52.900	0.848
53.000	0.846
53.100	0.844
53.200	0.842
53.300	0.841
53.400	0.839
53.500	0.837
53.600	0.835
53.700	0.833
53.800	0.832
53.900	0.830
54.000	0.828
54.100	0.826
54.200	0.824
54.300	0.823
54.400	0.821
54.500	0.819
54.600	0.817
54.700	0.815
54.800	0.814
54.900	0.812
55.000	0.810
55.100	0.808
55.200	0.806
55.300	0.805
55.400	0.803
55.500	0.801
55.600	0.799
55.700	0.797
55.800	0.796
55.900	0.794
56.000	0.792
56.100	0.790
56.200	0.788
56.300	0.787
56.400	0.785
56.500	0.783
56.600	0.781
56.700	0.779
56.800	0.778
56.900	0.776
57.000	0.774
57.100	0.772
57.200	0.770
57.300	0.769
57.400	0.767
57.500	0.765
57.600	0.763
57.700	0.761
57.800	0.760
57.900	0.758
58.000	0.756
58.100	0.754
58.200	0.752
58.300	0.751
58.400	0.749
58.500	0.747
58.600	0.745
58.700	0.743
58.800	0.742
58.900	0.740
59.000	0.738
59.100	0.736
59.200	0.734
59.300	0.733
59.400	0.731
59.500	0.729
59.600	0.727
59.700	0.725
59.800	0.724
59.900	0.722
60.000	0.720
60.100	0.718
60.200	0.716
60.300	0.715
60.400	0.713
60.500	0.711
60.600	0.709
60.700	0.707
60.800	0.706
60.900	0.704
61.000	0.702
61.100	0.700
61.200	0.698
61.300	0.697
61.400	0.695
61.500	0.693
61.600	0.691
61.700	0.689
61.800	0.688
61.900	0.686
62.000	0.684
62.100	0.682
62.200	0.680
62.300	0.679
62.400	0.677
62.500	0.675
62.600	0.673
62.700	0.671
62.800	0.670
62.900	0.668
63.000	0.666
63.100	0.664
63.200	0.662
63.300	0.661
63.400	0.659
63.500	0.657
63.600	0.655
63.700	0.653
63.800	0.652
63.900	0.650
64.000	0.648
64.100	0.646
64.200	0.644
64.300	0.643
64.400	0.641
64.500	0.639
64.600	0.637
64.700	0.635
64.800	0.634
64.900	0.632
65.000	0.630
65.100	0.628
65.200	0.626
65.300	0.625
65.400	0.623
65.500	0.621
65.600	0.619
65.700	0.617
65.800	0.616
65.900	0.614
66.000	0.612
66.100	0.610
66.200	0.608
66.300	0.607
66.400	0.605
66.500	0.603
66.600	0.601
66.700	0.599
66.800	0.598
66.900	0.596
67.000	0.594
67.100	0.592
67.200	0.590
67.300	0.589
67.400	0.587
67.500	0.585
67.600	0.583
67.700	0.581
67.800	0.580
67.900	0.578
68.000	0.576
68.100	0.574
68.200	0.572
68.300	0.571
68.400	0.569
68.500	0.567
68.600	0.565
68.700	0.563
68.800	0.562
68.900	0.560
69.000	0.558
69.100	0.556
69.200	0.554
69.300	0.553
69.400	0.551
69.500	0.549
69.600	0.547
69.700	0.545
69.800	0.544
69.900	0.542
70.000	0.540
70.100	0.538
70.200	0.536
70.300	0.535
70.400	0.533
70.500	0.531
70.600	0.529
70.700	0.527
70.800	0.526
70.900	0.524
71.000	0.522
71.100	0.520
71.200	0.518
71.300	0.517
71.400	0.515
71.500	0.513
71.600	0.511
71.700	0.509
71.800	0.508
71.900	0.506
72.000	0.504
72.100	0.502
72.200	0.500
72.300	0.499
72.400	0.497
72.500	0.495
72.600	0.493
72.700	0.491
72.800	0.490
72.900	0.488
73.000	0.486
73.100	0.484
73.200	0.482
73.300	0.481
73.400	0.479
73.500	0.477
73.600	0.475
73.700	0.473
73.800	0.472
73.900	0.470
74.000	0.468
74.100	0.466
74.200	0.464
74.300	0.463
74.400	0.461
74.500	0.459
74.600	0.457
74.700	0.455
74.800	0.454
74.900	0.452
75.000	0.450
75.100	0.448
75.200	0.446
75.300	0.445
75.400	0.443
75.500	0.441
75.600	0.439
75.700	0.437
75.800	0.436
75.900	0.434
76.000	0.432
76.100	0.430
76.200	0.428
76.300	0.427
76.400	0.425
76.500	0.423
76.600	0.421
76.700	0.419
76.800	0.418
76.900	0.416
77.000	0.414
77.100	0.412
77.200	0.410
77.300	0.409
77.400	0.407
77.500	0.405
77.600	0.403
77.700	0.401
77.800	0.400
77.900	0.398
78.000	0.396
78.100	0.394
78.200	0.392
78.300	0.391
78.400	0.389
78.500	0.387
78.600	0.385
78.700	0.383
78.800	0.382
78.900	0.380
79.000	0.378
79.100	0.376
79.200	0.374
79.300	0.373
79.400	0.371
79.500	0.369
79.600	0.367
79.700	0.365
79.800	0.364
79.900	0.362
80.000	0.360
80.100	0.358
80.200	0.356
80.300	0.355
80.400	0.353
80.500	0.351
80.600	0.349
80.700	0.347
80.800	0.346
80.900	0.344
81.000	0.342
81.100	0.340
81.200	0.338
81.300	0.337
81.400	0.335
81.500	0.333
81.600	0.331
81.700	0.329
81.800	0.328
81.900	0.326
82.000	0.324
82.100	0.322
82.200	0.320
82.300	0.319
82.400	0.317
82.500	0.315
82.600	0.313
82.700	0.311
82.800	0.310
82.900	0.308
83.000	0.306
83.100	0.304
83.200	0.302
83.300	0.301
83.400	0.299
83.500	0.297
83.600	0.295
83.700	0.293
83.800	0.292
83.900	0.290
84.000	0.288
84.100	0.286
84.200	0.284
84.300	0.283
84.400	0.281
84.500	0.279
84.600	0.277
84.700	0.275
84.800	0.274
84.900	0.272
85.000	0.270
85.100	0.268
85.200	0.266
85.300	0.265
85.400	0.263
85.500	0.261
85.600	0.259
85.700	0.257
85.800	0.256
85.900	0.254
86.000	0.252
86.100	0.250
86.200	0.248
86.300	0.247
86.400	0.245
86.500	0.243
86.600	0.241
86.700	0.239
86.800	0.238
86.900	0.236
87.000	0.234
87.100	0.232
87.200	0.230
87.300	0.229
87.400	0.227
87.500	0.225
87.600	0.223
87.700	0.221
87.800	0.220
87.900	0.218
88.000	0.216
88.100	0.214
88.200	0.212
88.300	0.211
88.400	0.209
88.500	0.207
88.600	0.205
88.700	0.203
88.800	0.202
88.900	0.200
89.000	0.198
89.100	0.196
89.200	0.194
89.300	0.193
89.400	0.191
89.500	0.189
89.600	0.187
89.700	0.185
89.800	0.184
89.900	0.182
90.000	0.180
90.100	0.178
90.200	0.176
90.300	0.175
90.400	0.173
90.500	0.171
90.600	0.169
90.700	0.167
90.800	0.166
90.900	0.164
91.000	0.162
91.100	0.160
91.200	0.158
91.300	0.157
91.400	0.155
91.500	0.153
91.600	0.151
91.700	0.149
91.800	0.148
91.900	0.146
92.000	0.144
92.100	0.142
92.200	0.140
92.300	0.139
92.400	0.137
92.500	0.135
92.600	0.133
92.700	0.131
92.800	0.130
92.900	0.128
93.000	0.126
93.100	0.124
93.200	0.122
93.300	0.121
93.400	0.119
93.500	0.117
93.600	0.115
93.700	0.113
93.800	0.112
93.900	0.110
94.000	0.108
94.100	0.106
94.200	0.104
94.300	0.103
94.400	0.101
94.500	0.099
94.600	0.097
94.700	0.095
94.800	0.094
94.900	0.092
95.000	0.090
95.100	0.088
95.200	0.086
95.300	0.085
95.400	0.083
95.500	0.081
95.600	0.079
95.700	0.077
95.800	0.076
95.900	0.074
96.000	0.072
96.100	0.070
96.200	0.068
96.300	0.067
96.400	0.065
96.500	0.063
96.600	0.061
96.700	0.059
96.800	0.058
96.900	0.056
97.000	0.054
97.100	0.052
97.200	0.050
97.300	0.049
97.400	0.047
97.500	0.045
97.600	0.043
97.700	0.041
97.800	0.040
97.900	0.038
98.000	0.036
98.100	0.034
98.200	0.032
98.300	0.031
98.400	0.029
98.500	0.027
98.600	0.025
98.700	0.023
98.800	0.022
98.900	0.020
99.000	0.018
99.100	0.016
99.200	0.014
99.300	0.013
99.400	0.011
99.500	0.009
99.600	0.007
99.700	0.005
99.800	0.004
99.900	0.002
100.000	0.000
